-0.198937
-0.540759
-0.167479
-0.470233
-0.024826
-0.064278
-0.09128
0.0202
-0.078457
-0.03628
-0.144591
-0.195853
0.277937
0.219135
0.044258
-0.075045
-0.1683
-0.134908
-0.02228
-0.02424
0.024655
-0.031782
-0.02112
-0.034593
-0.053366
-0.027272
-0.14984
0.064083
0.05718
0.02515
0.125283
-0.033033
-0.032867
0.052812
0.087201
0.027488
-0.030669
0.08092
0.122225
-0.05392
0.026831
0.029746
-0.047209
-0.10569
-0.036304
0.038863
-0.04267
0.096276
0.048419
-0.06219
-0.084219
-0.07081
-0.036763
0.031106
0.036144
0.096718
0.06003
0.09836
-0.051511
0.037874
-0.047149
-0.041165
-0.05143
0.063992
0.037465
-0.0413
0.027064
-0.079107
-0.10309
-0.093252
-0.036827
-0.033427
-0.03182
-0.031713
-0.037337
-0.07106
-0.047475
-0.10204
0.07154
-0.028958
-0.043993
0.028139
0.022726
-0.023649
-0.038416
-0.027655
0.100593
-0.04633
-0.054141
-0.039411
0.023074
-0.101121
-0.039842
-0.135169
0.0672
0.031292
0.039121
0.034456
0.023964
0.069478
0.111899
0.36742
0.117717
0.124273
0.14512
-0.051082
0.024897
-0.057357
-0.08421
0.030224
-0.036857
0.034825
-0.02539
-0.02007
-0.047367
-0.021978
-0.031797
-0.048673
-0.022197
-0.021912
0.055222
0.095213
0.051388
0.03672
0.035621
-0.041388
0.088739
0.0306
0.033721
-0.021578
0.028076
0.022469
0.056876
0.052121
0.02733
-0.0347
0.05972
-0.024499
0.04694
-0.115778
-0.057302
-0.08278
0.025102
0.02582
-0.063333
0.10293
0.023679
-0.037604
-0.033844
-0.031523
0.055883
-0.02743
0.037613
0.029373
0.089088
0.060774
0.045824
0.044138
-0.054192
-0.07452
-0.093083
-0.048113
-0.050038
-0.03786
-0.081375
-0.087683
-0.05728
-0.11706
-0.03362
-0.055008
-0.05148
0.020222
0.341158
0.026084
-0.025943
0.032934
0.03005
-0.067467
-0.06655
-0.03814
0.085841
0.092561
-0.06377
-0.027034
0.059839
-0.022076
0.094721
0.096129
-0.05458
-0.023791
-0.02374
-0.06095
0.113148
0.117129
0.038354
0.07952
0.021831
-0.023483
0.02189
-0.04286
0.034315
0.071666
0.04924
0.066501
0.032232
0.038848
0.053327
0.086706
0.022246
0.025681
-0.042766
-0.041726
0.039618
-0.027746
-0.048953
-0.028177
0.025538
0.078635
0.03828
0.072078
0.02495
0.10364
-0.044262
-0.036858
-0.047813
0.029317
0.063804
0.02041
0.058591
0.05038
-0.063626
-0.02865
-0.024138
-0.041467
-0.07537
-0.038894
-0.06728
-0.065573
0.021244
-0.06527
-0.050072
-0.0928
-0.087361
-0.035532
-0.055404
-0.056726
-0.058693
-0.100591
-0.11332
-0.082585
-0.054124
-0.068708
-0.049148
-0.098854
-0.07097
-0.07256
-0.083118
-0.034683
-0.046685
-0.02537
-0.0567
0.024602
0.059254
0.070377
-0.141764
-0.027048
-0.037256
-0.054721
0.047389
-0.033972
-0.105269
-0.037965
-0.042812
0.102318
0.032332
-0.099307
0.03348
0.055515
-0.054748
-0.09285
-0.118716
-0.054813
-0.02721
0.057856
0.088192
0.07322
0.04422
0.02448
0.020324
-0.10171
-0.143005
-0.0334
-0.02462
0.07391
0.215508
0.210837
-0.145642
0.092428
0.119882
0.038656
-0.141101
0.023765
0.03708
0.033284
0.024274
0.096264
-0.05506
-0.020004
0.072347
0.04401
0.063313
-0.054533
-0.036688
-0.023567
0.062066
0.028023
-0.102373
0.034535
0.0796
0.075144
0.08798
0.06859
0.10083
-0.035626
0.056563
0.044315
0.028528
-0.09604
-0.1058
-0.16388
0.0695
0.139485
0.112394
-0.03221
-0.029235
-0.069128
-0.066242
-0.031596
0.02533
-0.07674
0.16861
0.050169
-0.047509
-0.087308
-0.03679
-0.036824
0.025051
0.051097
0.043357
0.045514
-0.112904
-0.090648
0.03103
0.078462
0.161803
0.036342
-0.02167
0.020923
0.080649
-0.029956
-0.136524
-0.12888
-0.125836
0.177332
0.182685
-0.072836
-0.172969
0.070369
0.243817
0.287756
0.300319
0.25331
0.21334
0.030194
0.063776
0.082737
0.138788
0.211075
0.199144
-0.080528
0.360353
0.033124
-0.340857
-0.105368
-0.04914
0.483156
0.07934
0.068593
-0.055013
0.057847
0.481529
0.361842
0.021743
-0.046865
0.0477
-0.097068
0.023051
0.07621
0.031203
0.049556
0.022563
-0.02995
-0.022725
0.194557
0.242366
0.283989
0.228826
0.085734
-0.061666
0.051965
0.024745
0.171203
-0.089565
-0.053685
-0.0411
-0.046089
-0.110639
-0.113579
0.030088
0.027764
0.1635
0.26582
0.16384
0.154246
0.210131
0.246555
-0.07951
-0.157903
0.140517
-0.029045
-0.028034
-0.069396
-0.109452
-0.079836
0.2509
0.096555
0.335366
0.311302
-0.03424
-0.071684
-0.021167
0.077917
0.076942
0.128053
-0.047132
0.115742
0.035781
-0.04811
-0.060242
-0.027257
-0.08408
-0.030281
0.047378
0.030462
0.080077
-0.08101
-0.101023
-0.12486
-0.04391
0.16293
-0.093151
-0.072158
0.097544
0.17967
0.05149
0.0676
0.15696
0.162806
-0.021638
0.093446
0.25822
-0.041689
-0.038057
0.09907
0.081111
-0.063423
0.05829
-0.0704
-0.021354
0.16445
0.15842
0.096139
0.11856
0.074604
0.023528
-0.02707
-0.033835
-0.04581
-0.028429
-0.072843
-0.12572
-0.02088
-0.04488
-0.091865
-0.028825
-0.028643
-0.026144
0.022668
0.026055
-0.133696
0.080117
-0.021024
0.072775
-0.092944
-0.07959
-0.14959
-0.09197
-0.09266
-0.08897
0.04764
0.054242
-0.06592
-0.10563
0.084091
-0.133921
-0.115911
-0.115489
-0.031941
-0.028703
-0.150242
-0.036972
-0.249847
-0.076629
-0.067276
-0.042716
-0.041498
-0.050238
-0.024901
-0.036934
-0.034035
-0.07245
-0.03055
-0.046929
-0.071014
-0.027832
-0.055302
-0.042298
-0.06096
0.047359
0.039294
-0.023812
-0.042526
0.034109
0.100748
0.119611
-0.038887
0.044868
-0.087323
0.041135
-0.024991
0.021034
0.023623
0.021318
0.026443
0.04045
0.040743
0.052373
0.051429
0.07764
0.085649
0.075152
0.030747
0.02687
0.025257
-0.06264
0.0257
0.064581
-0.04468
0.053719
0.022612
-0.039517
-0.0495
0.032357
0.022531
-0.047863
0.08567
0.046211
0.042772
-0.034141
0.035581
0.038883
0.044469
0.04451
0.06635
0.049222
0.045231
0.059449
0.08769
0.037991
-0.022852
0.079795
-0.035593
-0.035148
-0.06499
0.054237
0.050292
0.07209
0.03702
0.049106
0.089332
0.076321
0.026768
0.030108
0.11868
0.092427
0.04007
0.120523
0.125563
0.168323
0.15762
-0.031637
0.041015
0.079729
0.048109
0.070145
0.094235
0.036076
0.075777
-0.04843
0.023841
0.020023
0.234339
-0.056752
-0.033009
0.035527
0.125107
0.067394
-0.048935
-0.023165
-0.045804
0.034433
0.062537
0.067357
-0.06605
-0.042193
0.020752
0.037484
0.061613
0.022293
0.038461
0.033952
-0.0205
0.04172
0.130496
0.03011
0.03248
-0.02682
0.093109
0.07943
0.078182
0.124094
0.20016
-0.051155
-0.056578
-0.063874
0.05692
-0.047043
-0.059234
-0.057293
0.12799
-0.055937
-0.034371
0.18319
-0.084182
-0.06544
-0.081855
0.170537
0.047005
-0.11443
-0.086074
-0.052351
-0.037929
0.078584
-0.064804
-0.03808
-0.127714
0.035167
0.063783
0.24745
-0.02373
-0.107717
-0.05863
-0.040665
-0.14353
0.03038
-0.05244
0.08014
0.096984
-0.056473
-0.13679
0.160673
-0.045742
-0.07477
0.08398
-0.033844
0.033636
0.08222
0.025787
0.02905
-0.056273
0.04723
0.049358
0.04655
0.02926
-0.06609
0.022056
0.039952
-0.05562
-0.073484
0.021611
0.035156
0.030967
-0.02592
0.025167
-0.027011
-0.03145
0.034295
0.066207
-0.048832
0.030313
0.063252
0.055485
0.026463
0.059615
-0.041543
0.08249
0.05114
-0.03207
-0.054867
0.062955
-0.074667
-0.11326
0.098802
0.029094
-0.06375
-0.03389
0.024131
0.089842
0.120277
0.05514
0.02384
-0.025916
0.04313
-0.026292
-0.036154
-0.055905
-0.026261
0.038843
0.072616
0.097954
0.02535
0.057358
0.051397
0.192403
0.150666
0.217284
0.452088
0.319912
0.266538
0.2606
0.21823
0.30917
0.089038
0.08909
0.09616
0.164081
0.02117
-0.02197
0.18484
0.0866
0.049462
0.082188
0.099175
0.042116
-0.034233
-0.03527
0.041147
0.037944
-0.026511
-0.05378
0.19614
0.082032
0.035976
-0.04631
0.038179
-0.032252
0.062234
-0.055444
-0.045603
-0.081703
-0.04814
0.053159
0.039972
0.06415
-0.057761
-0.059742
0.036498
0.03032
-0.042638
-0.111329
-0.061206
-0.038648
0.055982
-0.053253
-0.05883
0.079897
0.056828
0.096538
-0.070836
0.06481
0.092811
0.083492
-0.153706
-0.032064
-0.222629
0.055702
0.090437
-0.089084
0.091388
0.110775
-0.037321
0.03982
-0.090182
0.08036
-0.0292
-0.071754
-0.04021
0.100726
0.11444
-0.0851
-0.17092
0.025656
0.042684
0.057004
0.078922
0.074633
0.070574
-0.091116
-0.270698
-0.216393
0.059057
0.109056
-0.03213
-0.071209
-0.091584
-0.04329
-0.055305
-0.081458
0.034339
-0.273295
-0.037682
-0.033865
0.056753
0.089655
-0.035876
-0.082342
-0.066835
-0.031035
0.307961
0.218561
-0.19977
-0.07737
0.084645
0.048017
0.114595
0.120099
0.161987
-0.021065
0.105851
-0.058633
-0.05174
-0.07541
0.063205
0.044443
0.028928
-0.035253
-0.040232
-0.036067
0.030148
0.035262
-0.024438
-0.043444
0.097238
0.036583
0.035854
0.047551
0.054195
-0.154519
0.021665
0.035681
0.094563
0.18159
0.02976
0.075909
-0.04194
0.041378
0.082435
0.108929
-0.036203
-0.06604
-0.029619
-0.044389
0.05636
0.03703
0.047689
0.060777
0.167506
-0.031725
-0.048435
0.048184
0.035637
0.103902
0.180881
0.058989
0.085657
0.067753
-0.051251
-0.068705
-0.0716
0.071319
0.022824
-0.20334
-0.09834
0.16699
-0.075037
-0.276292
-0.029329
-0.03484
0.120169
-0.047453
0.027437
0.023391
-0.025771
0.04278
0.04283
-0.045516
-0.061193
-0.187403
-0.040805
0.033604
0.081712
0.07745
0.11852
-0.060549
-0.130227
0.140887
-0.06266
-0.080147
-0.108625
-0.030757
-0.075807
-0.099534
0.07351
0.026117
-0.08234
-0.045039
-0.095129
-0.099526
0.056163
0.036496
-0.073724
0.098945
0.164233
0.154269
0.026978
0.025158
0.203278
0.051534
0.139434
-0.079648
0.071812
0.02047
0.148155
0.05346
-0.032585
0.074965
0.042554
0.101067
0.308065
-0.07676
0.082068
-0.108975
0.065525
0.06345
-0.044936
-0.078821
-0.031992
-0.030538
0.025288
-0.034456
-0.047785
0.035986
0.041191
0.03702
-0.03205
-0.060564
-0.036746
-0.038289
-0.048269
0.06888
0.039217
0.116977
0.296299
0.232123
